===============d-10-01:==============
===================================
backtracking:
-----------------------------------
===========d-10-01==backtracking==Minimum Remaining Value===========
Runtime: 4ms, Backtracks: 15, Nodes: 208
9 7 6 8 5 3 4 2 10 1 
2 6 4 3 10 5 1 7 9 8 
8 2 10 7 4 1 3 6 5 9 
10 1 5 4 2 6 9 8 7 3 
3 10 7 5 1 9 8 4 2 6 
5 8 3 2 9 4 7 1 6 10 
6 4 9 1 8 7 2 10 3 5 
4 9 2 10 3 8 6 5 1 7 
1 3 8 6 7 10 5 9 4 2 
7 5 1 9 6 2 10 3 8 4 
-----------------------------------
===========d-10-01==backtracking==Maximum Degree===========
Runtime: 516494ms, Backtracks: 383985439, Nodes: 1060855716
5 9 6 7 8 3 4 2 10 1 
2 6 4 10 5 1 7 8 9 3 
7 2 10 8 3 4 1 6 5 9 
10 1 5 4 2 6 9 3 7 8 
3 10 7 5 1 9 8 4 2 6 
8 7 3 2 9 5 10 1 6 4 
6 8 9 1 4 7 2 10 3 5 
9 4 2 3 10 8 6 5 1 7 
1 3 8 6 7 10 5 9 4 2 
4 5 1 9 6 2 3 7 8 10 
-----------------------------------
===========d-10-01==backtracking==Minimum Remaining Value + Maximum Degree===========
Runtime: 5ms, Backtracks: 15, Nodes: 189
9 7 6 5 8 3 4 2 10 1 
2 6 4 7 5 10 1 8 9 3 
4 2 10 8 7 1 3 6 5 9 
10 1 5 4 2 6 9 7 3 8 
5 10 7 3 1 9 8 4 2 6 
8 4 3 2 9 5 7 1 6 10 
6 8 9 1 3 7 2 10 4 5 
3 9 2 10 4 8 6 5 1 7 
1 3 8 6 10 4 5 9 7 2 
7 5 1 9 6 2 10 3 8 4 
-----------------------------------
===========d-10-01==backtracking==Minimum Remaining Value / Maximum Degree===========
Runtime: 2ms, Backtracks: 0, Nodes: 57
9 8 6 5 7 3 4 2 10 1 
2 6 4 8 5 1 3 7 9 10 
8 2 10 7 3 4 1 6 5 9 
10 1 5 4 2 6 9 8 7 3 
5 7 2 10 1 9 8 4 3 6 
4 10 3 2 9 5 7 1 6 8 
6 9 8 3 4 7 2 10 1 5 
3 4 9 1 10 8 6 5 2 7 
1 3 7 6 8 10 5 9 4 2 
7 5 1 9 6 2 10 3 8 4 
-----------------------------------
===========d-10-01==backtracking==Random Unassigned Variable===========
Runtime: 316962ms, Backtracks: 242404898, Nodes: 815430746
9 8 6 5 7 3 4 2 10 1 
2 6 4 8 5 1 3 7 9 10 
8 2 10 7 3 4 1 6 5 9 
10 1 5 4 2 6 9 8 7 3 
5 7 2 10 1 9 8 4 3 6 
4 10 3 2 9 5 7 1 6 8 
6 9 8 3 4 7 2 10 1 5 
3 4 9 1 10 8 6 5 2 7 
1 3 7 6 8 10 5 9 4 2 
7 5 1 9 6 2 10 3 8 4 
===================================
forward checking:
-----------------------------------
===========d-10-01==forward checking==Minimum Remaining Value===========
Runtime: 5ms, Backtracks: 15, Nodes: 208
9 7 6 8 5 3 4 2 10 1 
2 6 4 3 10 5 1 7 9 8 
8 2 10 7 4 1 3 6 5 9 
10 1 5 4 2 6 9 8 7 3 
3 10 7 5 1 9 8 4 2 6 
5 8 3 2 9 4 7 1 6 10 
6 4 9 1 8 7 2 10 3 5 
4 9 2 10 3 8 6 5 1 7 
1 3 8 6 7 10 5 9 4 2 
7 5 1 9 6 2 10 3 8 4 
-----------------------------------
===========d-10-01==forward checking==Maximum Degree===========
Runtime: 15429ms, Backtracks: 4013697, Nodes: 28677475
5 9 6 7 8 3 4 2 10 1 
2 6 4 10 5 1 7 8 9 3 
7 2 10 8 3 4 1 6 5 9 
10 1 5 4 2 6 9 3 7 8 
3 10 7 5 1 9 8 4 2 6 
8 7 3 2 9 5 10 1 6 4 
6 8 9 3 4 7 2 10 1 5 
9 4 2 1 10 8 6 5 3 7 
1 3 8 6 7 10 5 9 4 2 
4 5 1 9 6 2 3 7 8 10 
-----------------------------------
===========d-10-01==forward checking==Minimum Remaining Value + Maximum Degree===========
Runtime: 4ms, Backtracks: 15, Nodes: 189
9 7 6 5 8 3 4 2 10 1 
2 6 4 7 5 10 1 8 9 3 
4 2 10 8 7 1 3 6 5 9 
10 1 5 4 2 6 9 7 3 8 
5 10 7 3 1 9 8 4 2 6 
8 4 3 2 9 5 7 1 6 10 
6 8 9 1 3 7 2 10 4 5 
3 9 2 10 4 8 6 5 1 7 
1 3 8 6 10 4 5 9 7 2 
7 5 1 9 6 2 10 3 8 4 
-----------------------------------
===========d-10-01==forward checking==Minimum Remaining Value / Maximum Degree===========
Runtime: 3ms, Backtracks: 0, Nodes: 57
9 8 6 5 7 3 4 2 10 1 
2 6 4 8 5 1 3 7 9 10 
8 2 10 7 3 4 1 6 5 9 
10 1 5 4 2 6 9 8 7 3 
5 7 2 10 1 9 8 4 3 6 
4 10 3 2 9 5 7 1 6 8 
6 9 8 3 4 7 2 10 1 5 
3 4 9 1 10 8 6 5 2 7 
1 3 7 6 8 10 5 9 4 2 
7 5 1 9 6 2 10 3 8 4 
-----------------------------------
===========d-10-01==forward checking==Random Unassigned Variable===========
Runtime: 34ms, Backtracks: 11464, Nodes: 19940
9 8 6 5 7 3 4 2 10 1 
2 6 4 10 5 1 3 7 9 8 
7 2 10 8 3 4 1 6 5 9 
10 1 5 4 2 6 9 8 7 3 
5 10 2 7 1 9 8 4 3 6 
8 7 3 2 9 5 10 1 6 4 
6 9 8 3 4 7 2 10 1 5 
3 4 9 1 10 8 6 5 2 7 
1 3 7 6 8 10 5 9 4 2 
4 5 1 9 6 2 7 3 8 10 
===============d-10-06:==============
===================================
backtracking:
-----------------------------------
===========d-10-06==backtracking==Minimum Remaining Value===========
Runtime: 1ms, Backtracks: 0, Nodes: 57
1 7 8 9 5 10 2 6 4 3 
9 8 1 2 4 3 5 10 6 7 
3 10 7 5 9 1 4 8 2 6 
6 3 2 8 7 4 9 1 5 10 
4 2 9 10 8 6 7 3 1 5 
2 4 6 3 1 5 10 7 8 9 
8 5 4 7 6 2 3 9 10 1 
5 1 10 4 3 9 6 2 7 8 
10 6 3 1 2 7 8 5 9 4 
7 9 5 6 10 8 1 4 3 2 
-----------------------------------
===========d-10-06==backtracking==Maximum Degree===========
Runtime: 95474ms, Backtracks: 73549817, Nodes: 200860911
1 7 8 10 5 3 2 6 4 9 
9 8 1 2 3 5 10 4 6 7 
2 3 7 5 9 1 4 8 10 6 
6 10 2 8 7 4 9 1 5 3 
4 2 9 1 8 10 6 3 7 5 
10 4 6 3 2 9 5 7 8 1 
8 5 4 7 6 2 3 9 1 10 
5 1 3 4 10 6 7 2 9 8 
3 6 10 9 1 7 8 5 2 4 
7 9 5 6 4 8 1 10 3 2 
-----------------------------------
===========d-10-06==backtracking==Minimum Remaining Value + Maximum Degree===========
Runtime: 3ms, Backtracks: 0, Nodes: 57
1 7 8 10 5 3 2 6 4 9 
9 3 1 2 8 10 5 4 6 7 
3 10 7 5 9 1 4 8 2 6 
6 8 2 9 7 4 10 1 5 3 
4 2 9 8 10 6 7 3 1 5 
2 4 6 3 1 5 9 7 8 10 
8 5 4 7 6 2 3 9 10 1 
5 1 10 4 3 9 6 2 7 8 
10 6 3 1 2 7 8 5 9 4 
7 9 5 6 4 8 1 10 3 2 
-----------------------------------
===========d-10-06==backtracking==Minimum Remaining Value / Maximum Degree===========
Runtime: 2ms, Backtracks: 0, Nodes: 57
1 7 8 9 5 10 2 6 4 3 
9 8 1 2 10 3 5 4 6 7 
10 3 7 5 9 1 4 8 2 6 
6 10 3 8 7 4 9 1 5 2 
4 2 9 10 8 6 7 3 1 5 
2 4 6 3 1 5 10 7 8 9 
8 5 4 7 6 2 3 9 10 1 
5 1 2 4 3 9 6 10 7 8 
3 6 10 1 2 7 8 5 9 4 
7 9 5 6 4 8 1 2 3 10 
-----------------------------------
===========d-10-06==backtracking==Random Unassigned Variable===========
Runtime: 3129ms, Backtracks: 2048620, Nodes: 7463092
1 7 8 10 5 9 2 6 4 3 
9 8 1 2 10 3 5 4 6 7 
4 3 7 5 9 1 10 8 2 6 
3 10 2 8 7 4 6 1 5 9 
6 2 9 1 8 10 4 3 7 5 
10 4 6 3 1 5 7 9 8 2 
8 5 4 7 6 2 3 10 9 1 
5 1 3 4 2 6 9 7 10 8 
2 6 10 9 3 7 8 5 1 4 
7 9 5 6 4 8 1 2 3 10
===================================
forward checking:
-----------------------------------
===========d-10-06==forward checking==Minimum Remaining Value===========
Runtime: 2ms, Backtracks: 0, Nodes: 57
1 7 8 9 5 10 2 6 4 3 
9 8 1 2 4 3 5 10 6 7 
3 10 7 5 9 1 4 8 2 6 
6 3 2 8 7 4 9 1 5 10 
4 2 9 10 8 6 7 3 1 5 
2 4 6 3 1 5 10 7 8 9 
8 5 4 7 6 2 3 9 10 1 
5 1 10 4 3 9 6 2 7 8 
10 6 3 1 2 7 8 5 9 4 
7 9 5 6 10 8 1 4 3 2 
-----------------------------------
===========d-10-06==forward checking==Maximum Degree===========
Runtime: 4043ms, Backtracks: 1032038, Nodes: 6936956
1 7 8 9 5 3 2 6 4 10 
9 8 1 2 3 5 10 4 6 7 
2 3 7 5 9 1 4 8 10 6 
6 10 2 8 7 4 9 1 5 3 
4 2 9 10 8 6 7 3 1 5 
10 4 6 3 1 2 5 7 8 9 
8 5 4 7 6 10 3 9 2 1 
5 1 3 4 10 9 6 2 7 8 
3 6 10 1 2 7 8 5 9 4 
7 9 5 6 4 8 1 10 3 2 
-----------------------------------
===========d-10-06==forward checking==Minimum Remaining Value + Maximum Degree===========
Runtime: 3ms, Backtracks: 0, Nodes: 57
1 7 8 10 5 3 2 6 4 9 
9 3 1 2 8 10 5 4 6 7 
3 10 7 5 9 1 4 8 2 6 
6 8 2 9 7 4 10 1 5 3 
4 2 9 8 10 6 7 3 1 5 
2 4 6 3 1 5 9 7 8 10 
8 5 4 7 6 2 3 9 10 1 
5 1 10 4 3 9 6 2 7 8 
10 6 3 1 2 7 8 5 9 4 
7 9 5 6 4 8 1 10 3 2 
-----------------------------------
===========d-10-06==forward checking==Minimum Remaining Value / Maximum Degree===========
Runtime: 2ms, Backtracks: 0, Nodes: 57
1 7 8 9 5 10 2 6 4 3 
9 8 1 2 10 3 5 4 6 7 
10 3 7 5 9 1 4 8 2 6 
6 10 3 8 7 4 9 1 5 2 
4 2 9 10 8 6 7 3 1 5 
2 4 6 3 1 5 10 7 8 9 
8 5 4 7 6 2 3 9 10 1 
5 1 2 4 3 9 6 10 7 8 
3 6 10 1 2 7 8 5 9 4 
7 9 5 6 4 8 1 2 3 10 
-----------------------------------
===========d-10-06==forward checking==Random Unassigned Variable===========
Runtime: 111ms, Backtracks: 15759, Nodes: 111878
1 7 8 9 5 3 2 6 4 10 
9 3 1 2 8 6 5 4 10 7 
6 10 7 5 9 1 4 8 2 3 
3 8 10 6 7 4 9 1 5 2 
4 2 9 8 1 10 6 3 7 5 
2 4 6 3 10 5 7 9 8 1 
8 5 4 7 6 2 3 10 1 9 
5 1 3 4 2 9 10 7 6 8 
10 6 2 1 3 7 8 5 9 4 
7 9 5 10 4 8 1 2 3 6  
===============d-10-07:==============
===================================
backtracking:
-----------------------------------
===========d-10-07==backtracking==Minimum Remaining Value===========
Runtime: 11ms, Backtracks: 134, Nodes: 1555
3 8 4 1 6 10 7 2 5 9 
9 6 3 8 2 5 1 10 4 7 
5 3 1 2 4 7 6 9 10 8 
10 1 9 6 7 2 8 4 3 5 
7 5 2 4 8 3 10 6 9 1 
1 2 6 5 3 9 4 7 8 10 
8 4 10 7 9 1 5 3 2 6 
6 9 8 10 1 4 3 5 7 2 
4 10 7 9 5 8 2 1 6 3 
2 7 5 3 10 6 9 8 1 4 
-----------------------------------
===========d-10-07==backtracking==Maximum Degree===========
Runtime: 131295ms, Backtracks: 106696036, Nodes: 299113274
1 8 9 3 6 10 2 4 5 7 
9 6 3 8 2 7 1 10 4 5 
2 3 1 5 7 4 6 9 10 8 
10 1 7 6 4 5 8 2 3 9 
7 5 2 4 8 3 10 6 9 1 
5 2 6 1 3 9 4 7 8 10 
8 4 10 7 9 1 5 3 2 6 
6 9 4 10 1 8 3 5 7 2 
4 10 8 9 5 2 7 1 6 3 
3 7 5 2 10 6 9 8 1 4 
-----------------------------------
===========d-10-07==backtracking==Minimum Remaining Value + Maximum Degree===========
Runtime: 2ms, Backtracks: 2, Nodes: 61
1 8 4 2 6 10 9 3 5 7 
9 5 3 8 2 4 7 10 1 6 
5 3 1 4 7 2 6 9 10 8 
10 1 7 6 4 5 8 2 3 9 
7 9 2 5 8 3 10 6 4 1 
3 2 6 1 5 9 4 7 8 10 
8 6 10 7 9 1 5 4 2 3 
6 4 9 10 1 8 3 5 7 2 
4 10 8 9 3 7 2 1 6 5 
2 7 5 3 10 6 1 8 9 4 
-----------------------------------
===========d-10-07==backtracking==Minimum Remaining Value / Maximum Degree===========
Runtime: 5ms, Backtracks: 32, Nodes: 439
3 8 7 1 6 10 2 4 5 9 
9 5 3 8 2 4 1 10 6 7 
5 3 1 2 4 7 6 9 10 8 
10 1 9 6 7 5 8 2 4 3 
7 4 2 5 8 3 10 6 9 1 
1 2 6 10 3 9 4 7 8 5 
8 6 4 7 9 1 5 3 2 10 
6 9 10 4 1 8 3 5 7 2 
4 10 8 9 5 2 7 1 3 6 
2 7 5 3 10 6 9 8 1 4 
-----------------------------------
===========d-10-07==backtracking==Random Unassigned Variable===========
Runtime: 664809ms, Backtracks: 1873765411, Nodes: 1873765468
2 8 7 3 6 10 1 4 5 9 
9 6 3 8 2 4 5 10 1 7 
7 3 1 5 4 2 6 9 10 8 
10 1 9 6 3 7 8 2 4 5 
5 4 2 10 8 3 7 6 9 1 
3 2 6 1 5 9 4 7 8 10 
8 5 4 7 9 1 10 3 2 6 
6 9 10 4 1 8 3 5 7 2 
4 10 8 9 7 5 2 1 6 3 
1 7 5 2 10 6 9 8 3 4 
===================================
forward checking:
-----------------------------------
===========d-10-07==forward checking==Minimum Remaining Value===========
Runtime: 13ms, Backtracks: 134, Nodes: 1555
3 8 4 1 6 10 7 2 5 9 
9 6 3 8 2 5 1 10 4 7 
5 3 1 2 4 7 6 9 10 8 
10 1 9 6 7 2 8 4 3 5 
7 5 2 4 8 3 10 6 9 1 
1 2 6 5 3 9 4 7 8 10 
8 4 10 7 9 1 5 3 2 6 
6 9 8 10 1 4 3 5 7 2 
4 10 7 9 5 8 2 1 6 3 
2 7 5 3 10 6 9 8 1 4 
-----------------------------------
===========d-10-07==forward checking==Maximum Degree===========
Runtime: 2819ms, Backtracks: 632848, Nodes: 4571968
1 8 9 3 6 10 2 4 5 7 
9 6 3 8 2 7 1 10 4 5 
2 3 1 5 7 4 6 9 10 8 
10 1 7 6 4 5 8 2 3 9 
7 5 2 4 8 3 10 6 9 1 
5 2 6 1 3 9 4 7 8 10 
8 4 10 7 9 1 5 3 2 6 
6 9 4 10 1 8 3 5 7 2 
4 10 8 9 5 2 7 1 6 3 
3 7 5 2 10 6 9 8 1 4 
-----------------------------------
===========d-10-07==forward checking==Minimum Remaining Value + Maximum Degree===========
Runtime: 4ms, Backtracks: 2, Nodes: 61
1 8 4 2 6 10 9 3 5 7 
9 5 3 8 2 4 7 10 1 6 
5 3 1 4 7 2 6 9 10 8 
10 1 7 6 4 5 8 2 3 9 
7 9 2 5 8 3 10 6 4 1 
3 2 6 1 5 9 4 7 8 10 
8 6 10 7 9 1 5 4 2 3 
6 4 9 10 1 8 3 5 7 2 
4 10 8 9 3 7 2 1 6 5 
2 7 5 3 10 6 1 8 9 4 
-----------------------------------
===========d-10-07==forward checking==Minimum Remaining Value / Maximum Degree===========
Runtime: 6ms, Backtracks: 32, Nodes: 439
3 8 7 1 6 10 2 4 5 9 
9 5 3 8 2 4 1 10 6 7 
5 3 1 2 4 7 6 9 10 8 
10 1 9 6 7 5 8 2 4 3 
7 4 2 5 8 3 10 6 9 1 
1 2 6 10 3 9 4 7 8 5 
8 6 4 7 9 1 5 3 2 10 
6 9 10 4 1 8 3 5 7 2 
4 10 8 9 5 2 7 1 3 6 
2 7 5 3 10 6 9 8 1 4 
-----------------------------------
===========d-10-07==forward checking==Random Unassigned Variable===========
Runtime: 126ms, Backtracks: 19671, Nodes: 134738
1 8 7 3 6 10 2 4 5 9 
9 5 3 8 2 4 1 10 6 7 
5 3 1 2 4 7 6 9 10 8 
10 1 9 6 7 5 8 2 4 3 
7 4 2 5 8 3 10 6 9 1 
3 2 6 1 10 9 4 7 8 5 
8 6 4 7 9 1 5 3 2 10 
6 9 10 4 1 8 3 5 7 2 
4 10 8 9 5 2 7 1 3 6 
2 7 5 10 3 6 9 8 1 4 
===============d-10-08:==============
===================================
backtracking:
-----------------------------------
===========d-10-08==backtracking==Minimum Remaining Value===========
Runtime: 11ms, Backtracks: 102, Nodes: 1040
2 9 3 8 7 6 10 4 1 5 
8 2 6 3 10 4 1 5 7 9 
4 1 8 6 9 10 5 3 2 7 
3 7 10 2 5 1 4 8 9 6 
9 6 1 5 8 2 7 10 4 3 
7 3 4 10 1 5 9 6 8 2 
6 5 7 1 2 3 8 9 10 4 
1 4 2 9 6 8 3 7 5 10 
10 8 5 7 4 9 6 2 3 1 
5 10 9 4 3 7 2 1 6 8 
-----------------------------------
===========d-10-08==backtracking==Maximum Degree===========
Runtime: 203842ms, Backtracks: 145792038, Nodes: 409798240
2 9 3 10 7 6 8 4 1 5 
3 5 9 8 10 4 1 2 7 6 
4 1 8 6 2 10 3 7 5 9 
6 7 10 3 5 1 4 8 9 2 
8 6 1 5 9 2 7 10 4 3 
7 3 4 2 1 5 9 6 8 10 
5 2 7 1 8 3 10 9 6 4 
1 4 2 9 6 8 5 3 10 7 
10 8 6 7 4 9 2 5 3 1 
9 10 5 4 3 7 6 1 2 8 
-----------------------------------
===========d-10-08==backtracking==Minimum Remaining Value + Maximum Degree===========
Runtime: 7ms, Backtracks: 21, Nodes: 185
2 9 3 8 7 6 10 4 1 5 
6 3 5 2 10 4 1 8 7 9 
4 1 8 6 9 10 5 3 2 7 
8 7 10 3 5 1 4 2 9 6 
9 6 1 5 8 2 7 10 4 3 
7 5 4 10 1 3 9 6 8 2 
3 2 7 1 6 5 8 9 10 4 
1 4 2 9 3 8 6 7 5 10 
10 8 6 7 4 9 2 5 3 1 
5 10 9 4 2 7 3 1 6 8 
-----------------------------------
===========d-10-08==backtracking==Minimum Remaining Value / Maximum Degree===========
Runtime: 3ms, Backtracks: 12, Nodes: 134
2 9 3 10 7 6 8 4 1 5 
8 6 9 3 10 4 1 5 7 2 
4 1 8 6 3 10 5 7 2 9 
3 7 10 2 5 1 4 8 9 6 
6 5 1 8 9 2 7 10 4 3 
7 2 4 5 1 3 9 6 8 10 
5 3 7 1 6 8 2 9 10 4 
1 4 2 9 8 5 10 3 6 7 
10 8 5 7 4 9 6 2 3 1 
9 10 6 4 2 7 3 1 5 8 
-----------------------------------
===========d-10-08==backtracking==Random Unassigned Variable===========
Runtime: 200900ms, Backtracks: 551506471, Nodes: 551506528
2 9 3 5 7 6 8 4 1 10 
8 3 6 2 10 4 1 5 7 9 
4 1 8 6 9 10 2 3 5 7 
6 7 10 3 5 1 4 8 9 2 
9 5 1 8 6 2 7 10 4 3 
7 2 4 10 1 3 9 6 8 5 
5 6 7 1 3 8 10 9 2 4 
1 4 2 9 8 5 3 7 10 6 
10 8 5 7 4 9 6 2 3 1 
3 10 9 4 2 7 5 1 6 8 
===================================
forward checking:
-----------------------------------
===========d-10-08==forward checking==Minimum Remaining Value===========
Runtime: 10ms, Backtracks: 102, Nodes: 1040
2 9 3 8 7 6 10 4 1 5 
8 2 6 3 10 4 1 5 7 9 
4 1 8 6 9 10 5 3 2 7 
3 7 10 2 5 1 4 8 9 6 
9 6 1 5 8 2 7 10 4 3 
7 3 4 10 1 5 9 6 8 2 
6 5 7 1 2 3 8 9 10 4 
1 4 2 9 6 8 3 7 5 10 
10 8 5 7 4 9 6 2 3 1 
5 10 9 4 3 7 2 1 6 8 
-----------------------------------
===========d-10-08==forward checking==Maximum Degree===========
Runtime: 7115ms, Backtracks: 1702025, Nodes: 12162652
2 9 3 10 7 6 8 4 1 5 
3 2 9 8 10 4 1 5 7 6 
4 1 8 6 2 10 3 7 5 9 
6 7 10 3 5 1 4 8 9 2 
8 6 1 5 9 2 7 10 4 3 
7 5 4 2 1 3 9 6 8 10 
5 3 7 1 6 8 10 9 2 4 
1 4 2 9 8 5 6 3 10 7 
10 8 6 7 4 9 5 2 3 1 
9 10 5 4 3 7 2 1 6 8 
-----------------------------------
===========d-10-08==forward checking==Minimum Remaining Value + Maximum Degree===========
Runtime: 8ms, Backtracks: 21, Nodes: 185
2 9 3 8 7 6 10 4 1 5 
6 3 5 2 10 4 1 8 7 9 
4 1 8 6 9 10 5 3 2 7 
8 7 10 3 5 1 4 2 9 6 
9 6 1 5 8 2 7 10 4 3 
7 5 4 10 1 3 9 6 8 2 
3 2 7 1 6 5 8 9 10 4 
1 4 2 9 3 8 6 7 5 10 
10 8 6 7 4 9 2 5 3 1 
5 10 9 4 2 7 3 1 6 8 
-----------------------------------
===========d-10-08==forward checking==Minimum Remaining Value / Maximum Degree===========
Runtime: 3ms, Backtracks: 12, Nodes: 134
2 9 3 10 7 6 8 4 1 5 
8 6 9 3 10 4 1 5 7 2 
4 1 8 6 3 10 5 7 2 9 
3 7 10 2 5 1 4 8 9 6 
6 5 1 8 9 2 7 10 4 3 
7 2 4 5 1 3 9 6 8 10 
5 3 7 1 6 8 2 9 10 4 
1 4 2 9 8 5 10 3 6 7 
10 8 5 7 4 9 6 2 3 1 
9 10 6 4 2 7 3 1 5 8 
-----------------------------------
===========d-10-08==forward checking==Random Unassigned Variable===========
Runtime: 176ms, Backtracks: 36145, Nodes: 227714
2 9 3 10 7 6 8 4 1 5 
8 3 6 5 10 4 1 2 7 9 
4 1 8 6 9 10 5 3 2 7 
6 7 10 3 5 1 4 8 9 2 
9 5 1 8 6 2 7 10 4 3 
3 2 4 7 1 5 9 6 8 10 
5 6 7 1 3 8 2 9 10 4 
1 4 2 9 8 3 10 7 5 6 
10 8 9 2 4 7 6 5 3 1 
7 10 5 4 2 9 3 1 6 8  
===============d-10-09:==============
===================================
backtracking:
-----------------------------------
===========d-10-09==backtracking==Minimum Remaining Value===========
Runtime: 3ms, Backtracks: 0, Nodes: 57
1 4 7 5 3 2 10 6 9 8 
6 3 5 10 7 1 2 8 4 9 
5 8 2 7 6 3 9 10 1 4 
4 2 3 1 10 8 7 9 5 6 
3 6 4 9 1 7 8 2 10 5 
10 5 8 6 2 9 4 1 3 7 
9 7 1 3 8 4 6 5 2 10 
7 10 6 2 9 5 1 4 8 3 
8 1 9 4 5 10 3 7 6 2 
2 9 10 8 4 6 5 3 7 1 
-----------------------------------
===========d-10-09==backtracking==Maximum Degree===========
Runtime: 90396ms, Backtracks: 67244456, Nodes: 192995049
1 4 9 5 3 7 10 6 2 8 
4 3 5 10 7 9 6 8 1 2 
5 8 2 1 6 3 7 10 4 9 
9 2 3 7 10 1 8 4 5 6 
3 6 4 9 1 8 2 7 10 5 
10 5 8 6 2 4 9 1 3 7 
6 7 1 3 8 2 4 5 9 10 
7 10 6 2 9 5 1 3 8 4 
8 9 7 4 5 10 3 2 6 1 
2 1 10 8 4 6 5 9 7 3 
-----------------------------------
===========d-10-09==backtracking==Minimum Remaining Value + Maximum Degree===========
Runtime: 3ms, Backtracks: 0, Nodes: 57
1 4 7 5 3 2 10 6 9 8 
4 3 5 10 7 1 6 8 2 9 
7 8 2 4 6 3 9 10 5 1 
5 2 3 1 10 7 8 9 4 6 
3 6 4 9 1 8 7 2 10 5 
10 5 8 6 2 9 4 1 3 7 
6 7 9 3 8 4 2 5 1 10 
9 10 6 2 4 5 1 7 8 3 
8 9 1 7 5 10 3 4 6 2 
2 1 10 8 9 6 5 3 7 4 
-----------------------------------
===========d-10-09==backtracking==Minimum Remaining Value / Maximum Degree===========
Runtime: 66ms, Backtracks: 4345, Nodes: 35575
1 4 9 5 3 7 10 6 2 8 
4 3 5 10 7 9 6 8 1 2 
5 8 2 1 6 3 7 10 9 4 
9 2 3 7 10 4 8 1 5 6 
3 7 6 9 1 8 2 4 10 5 
10 5 8 6 2 1 4 9 3 7 
7 6 1 3 8 2 9 5 4 10 
6 10 4 2 9 5 1 7 8 3 
8 9 7 4 5 10 3 2 6 1 
2 1 10 8 4 6 5 3 7 9 
===================================
forward checking:
-----------------------------------
===========d-10-09==forward checking==Minimum Remaining Value===========
Runtime: 2ms, Backtracks: 0, Nodes: 57
1 4 7 5 3 2 10 6 9 8 
6 3 5 10 7 1 2 8 4 9 
5 8 2 7 6 3 9 10 1 4 
4 2 3 1 10 8 7 9 5 6 
3 6 4 9 1 7 8 2 10 5 
10 5 8 6 2 9 4 1 3 7 
9 7 1 3 8 4 6 5 2 10 
7 10 6 2 9 5 1 4 8 3 
8 1 9 4 5 10 3 7 6 2 
2 9 10 8 4 6 5 3 7 1 
-----------------------------------
===========d-10-09==forward checking==Maximum Degree===========
Runtime: 4032ms, Backtracks: 1125896, Nodes: 7684384
1 9 4 5 3 7 10 6 2 8 
4 3 5 10 7 9 6 8 1 2 
5 8 2 1 6 3 7 10 4 9 
9 2 3 4 10 1 8 7 5 6 
3 6 7 9 1 8 2 4 10 5 
10 5 8 6 2 4 9 1 3 7 
6 7 1 3 8 2 4 5 9 10 
7 10 6 2 9 5 1 3 8 4 
8 4 9 7 5 10 3 2 6 1 
2 1 10 8 4 6 5 9 7 3 
-----------------------------------
===========d-10-09==forward checking==Minimum Remaining Value + Maximum Degree===========
Runtime: 3ms, Backtracks: 0, Nodes: 57
1 4 7 5 3 2 10 6 9 8 
4 3 5 10 7 1 6 8 2 9 
7 8 2 4 6 3 9 10 5 1 
5 2 3 1 10 7 8 9 4 6 
3 6 4 9 1 8 7 2 10 5 
10 5 8 6 2 9 4 1 3 7 
6 7 9 3 8 4 2 5 1 10 
9 10 6 2 4 5 1 7 8 3 
8 9 1 7 5 10 3 4 6 2 
2 1 10 8 9 6 5 3 7 4 
-----------------------------------
===========d-10-09==forward checking==Minimum Remaining Value / Maximum Degree===========
Runtime: 68ms, Backtracks: 4313, Nodes: 35575
1 4 9 5 3 7 10 6 2 8 
4 3 5 10 7 9 6 8 1 2 
5 8 2 1 6 3 7 10 9 4 
9 2 3 7 10 4 8 1 5 6 
3 7 6 9 1 8 2 4 10 5 
10 5 8 6 2 1 4 9 3 7 
7 6 1 3 8 2 9 5 4 10 
6 10 4 2 9 5 1 7 8 3 
8 9 7 4 5 10 3 2 6 1 
2 1 10 8 4 6 5 3 7 9 
-----------------------------------
===========d-10-09==forward checking==Random Unassigned Variable===========
Runtime: 174ms, Backtracks: 33443, Nodes: 223713
1 4 7 5 3 9 10 6 2 8 
6 3 5 10 7 2 4 8 9 1 
5 8 2 6 9 3 7 10 1 4 
7 2 3 1 10 8 9 4 5 6 
3 7 6 9 1 4 8 2 10 5 
10 5 8 4 2 1 6 9 3 7 
9 6 1 3 8 7 2 5 4 10 
4 10 9 2 6 5 1 7 8 3 
8 9 4 7 5 10 3 1 6 2 
2 1 10 8 4 6 5 3 7 9 
===============d-15-01:==============
===================================
backtracking:
-----------------------------------
===========d-15-01==backtracking==Minimum Remaining Value===========
Runtime: 1287ms, Backtracks: 86182, Nodes: 932672
9 6 8 7 2 15 11 14 13 1 4 10 5 12 3 
15 11 13 12 9 5 14 2 10 3 1 7 8 6 4 
4 15 10 13 3 6 1 11 8 12 5 14 2 7 9 
8 3 6 4 13 2 12 5 11 9 10 1 14 15 7 
7 2 11 6 1 14 13 10 4 8 12 9 3 5 15 
5 4 15 2 12 11 7 8 14 13 6 3 9 10 1 
1 9 12 10 8 13 5 4 3 2 15 11 7 14 6 
14 13 5 8 6 10 3 15 2 4 7 12 1 9 11 
12 5 9 14 4 7 6 3 15 10 8 13 11 1 2 
2 10 4 5 14 1 9 7 6 11 3 15 13 8 12 
11 14 3 1 7 12 8 9 5 15 2 6 4 13 10 
3 8 2 15 11 9 10 1 7 6 14 5 12 4 13 
13 12 14 11 5 4 15 6 1 7 9 2 10 3 8 
6 1 7 3 10 8 2 12 9 14 13 4 15 11 5 
10 7 1 9 15 3 4 13 12 5 11 8 6 2 14 
-----------------------------------
===========d-15-01==backtracking==Minimum Remaining Value + Maximum Degree===========
Runtime: 184ms, Backtracks: 12529, Nodes: 101922
9 6 8 7 2 15 11 3 13 1 4 10 5 12 14 
15 11 13 12 9 5 14 2 10 3 1 7 8 6 4 
4 15 10 13 3 6 1 11 8 12 5 14 2 7 9 
3 8 6 4 13 2 12 5 11 9 10 1 14 15 7 
7 2 11 6 1 14 13 10 4 8 12 9 3 5 15 
5 4 2 15 12 11 7 8 14 13 6 3 9 10 1 
1 9 12 10 8 13 5 4 3 2 15 11 7 14 6 
14 13 5 8 6 10 3 15 2 4 7 12 1 9 11 
12 5 3 9 4 7 6 14 15 10 8 13 11 1 2 
2 10 4 5 14 1 9 7 6 11 3 15 13 8 12 
11 1 14 3 7 12 8 9 5 15 2 6 4 13 10 
8 14 15 2 11 3 10 1 7 6 9 5 12 4 13 
13 12 9 11 5 4 15 6 1 7 14 2 10 3 8 
6 3 7 1 10 8 2 12 9 14 13 4 15 11 5 
10 7 1 14 15 9 4 13 12 5 11 8 6 2 3 
-----------------------------------
===========d-15-01==backtracking==Minimum Remaining Value / Maximum Degree===========
Runtime: 747ms, Backtracks: 62449, Nodes: 597582
9 6 8 7 2 15 11 14 13 1 4 10 5 12 3 
15 11 13 12 9 5 14 2 10 3 1 7 8 6 4 
4 15 10 13 3 6 1 11 8 12 5 14 2 7 9 
8 3 6 4 13 2 12 5 11 9 10 1 14 15 7 
7 2 11 6 1 14 13 10 4 8 12 9 3 5 15 
5 4 15 2 12 11 7 8 14 13 6 3 9 10 1 
1 9 12 10 8 13 5 4 3 2 15 11 7 14 6 
14 13 5 8 6 10 3 15 2 4 7 12 1 9 11 
12 5 9 14 4 7 6 3 15 10 8 13 11 1 2 
2 10 4 5 14 1 9 7 6 11 3 15 13 8 12 
11 14 3 1 7 12 8 9 5 15 2 6 4 13 10 
3 8 2 15 11 9 10 1 7 6 14 5 12 4 13 
13 12 14 11 5 4 15 6 1 7 9 2 10 3 8 
6 1 7 3 10 8 2 12 9 14 13 4 15 11 5 
10 7 1 9 15 3 4 13 12 5 11 8 6 2 14 
===================================
forward checking:
-----------------------------------
===========d-15-01==forward checking==Minimum Remaining Value===========
Runtime: 1332ms, Backtracks: 86182, Nodes: 932672
9 6 8 7 2 15 11 14 13 1 4 10 5 12 3 
15 11 13 12 9 5 14 2 10 3 1 7 8 6 4 
4 15 10 13 3 6 1 11 8 12 5 14 2 7 9 
8 3 6 4 13 2 12 5 11 9 10 1 14 15 7 
7 2 11 6 1 14 13 10 4 8 12 9 3 5 15 
5 4 15 2 12 11 7 8 14 13 6 3 9 10 1 
1 9 12 10 8 13 5 4 3 2 15 11 7 14 6 
14 13 5 8 6 10 3 15 2 4 7 12 1 9 11 
12 5 9 14 4 7 6 3 15 10 8 13 11 1 2 
2 10 4 5 14 1 9 7 6 11 3 15 13 8 12 
11 14 3 1 7 12 8 9 5 15 2 6 4 13 10 
3 8 2 15 11 9 10 1 7 6 14 5 12 4 13 
13 12 14 11 5 4 15 6 1 7 9 2 10 3 8 
6 1 7 3 10 8 2 12 9 14 13 4 15 11 5 
10 7 1 9 15 3 4 13 12 5 11 8 6 2 14 
-----------------------------------
===========d-15-01==forward checking==Minimum Remaining Value + Maximum Degree===========
Runtime: 197ms, Backtracks: 12529, Nodes: 101922
9 6 8 7 2 15 11 3 13 1 4 10 5 12 14 
15 11 13 12 9 5 14 2 10 3 1 7 8 6 4 
4 15 10 13 3 6 1 11 8 12 5 14 2 7 9 
3 8 6 4 13 2 12 5 11 9 10 1 14 15 7 
7 2 11 6 1 14 13 10 4 8 12 9 3 5 15 
5 4 2 15 12 11 7 8 14 13 6 3 9 10 1 
1 9 12 10 8 13 5 4 3 2 15 11 7 14 6 
14 13 5 8 6 10 3 15 2 4 7 12 1 9 11 
12 5 3 9 4 7 6 14 15 10 8 13 11 1 2 
2 10 4 5 14 1 9 7 6 11 3 15 13 8 12 
11 1 14 3 7 12 8 9 5 15 2 6 4 13 10 
8 14 15 2 11 3 10 1 7 6 9 5 12 4 13 
13 12 9 11 5 4 15 6 1 7 14 2 10 3 8 
6 3 7 1 10 8 2 12 9 14 13 4 15 11 5 
10 7 1 14 15 9 4 13 12 5 11 8 6 2 3 
-----------------------------------
===========d-15-01==forward checking==Minimum Remaining Value / Maximum Degree===========
Runtime: 768ms, Backtracks: 62289, Nodes: 597582
9 6 8 7 2 15 11 14 13 1 4 10 5 12 3 
15 11 13 12 9 5 14 2 10 3 1 7 8 6 4 
4 15 10 13 3 6 1 11 8 12 5 14 2 7 9 
8 3 6 4 13 2 12 5 11 9 10 1 14 15 7 
7 2 11 6 1 14 13 10 4 8 12 9 3 5 15 
5 4 15 2 12 11 7 8 14 13 6 3 9 10 1 
1 9 12 10 8 13 5 4 3 2 15 11 7 14 6 
14 13 5 8 6 10 3 15 2 4 7 12 1 9 11 
12 5 9 14 4 7 6 3 15 10 8 13 11 1 2 
2 10 4 5 14 1 9 7 6 11 3 15 13 8 12 
11 14 3 1 7 12 8 9 5 15 2 6 4 13 10 
3 8 2 15 11 9 10 1 7 6 14 5 12 4 13 
13 12 14 11 5 4 15 6 1 7 9 2 10 3 8 
6 1 7 3 10 8 2 12 9 14 13 4 15 11 5 
10 7 1 9 15 3 4 13 12 5 11 8 6 2 14 
