===============d-10-01:==============
===================================
backtracking:
-----------------------------------
===========d-10-01==backtracking==Minimum Remaining Value===========
Runtime: 16ms, Backtracks: 123, Nodes: 180
9 7 6 8 5 3 4 2 10 1 
2 6 4 3 10 5 1 7 9 8 
8 2 10 7 4 1 3 6 5 9 
10 1 5 4 2 6 9 8 7 3 
3 10 7 5 1 9 8 4 2 6 
5 8 3 2 9 4 7 1 6 10 
6 4 9 1 8 7 2 10 3 5 
4 9 2 10 3 8 6 5 1 7 
1 3 8 6 7 10 5 9 4 2 
7 5 1 9 6 2 10 3 8 4 
-----------------------------------
===========d-10-01==backtracking==Maximum Degree===========
Runtime: 215011ms, Backtracks: 114742628, Nodes: 114742685
9 8 6 7 5 3 4 2 10 1 
2 6 4 5 10 1 7 8 9 3 
7 2 10 1 8 4 3 6 5 9 
10 1 5 4 2 6 9 7 3 8 
5 10 2 3 1 9 8 4 7 6 
8 7 3 2 9 5 10 1 6 4 
6 4 9 8 3 7 2 10 1 5 
3 9 1 10 4 8 6 5 2 7 
1 3 8 6 7 10 5 9 4 2 
4 5 7 9 6 2 1 3 8 10 
-----------------------------------
===========d-10-01==backtracking==Minimum Remaining Value + Maximum Degree===========
Runtime: 6ms, Backtracks: 25, Nodes: 82
9 8 6 5 7 3 4 2 10 1 
2 6 4 10 5 1 7 8 9 3 
7 2 10 8 3 4 1 6 5 9 
10 1 5 4 2 6 9 3 7 8 
5 10 2 7 1 9 8 4 3 6 
8 7 3 2 9 5 10 1 6 4 
6 9 8 3 4 7 2 10 1 5 
3 4 9 1 10 8 6 5 2 7 
1 3 7 6 8 10 5 9 4 2 
4 5 1 9 6 2 3 7 8 10 
-----------------------------------
===========d-10-01==backtracking==Minimum Remaining Value / Maximum Degree===========
Runtime: 5ms, Backtracks: 19, Nodes: 76
7 9 6 8 5 3 4 2 10 1 
2 6 4 5 10 1 3 7 9 8 
3 2 10 1 8 4 7 6 5 9 
10 1 5 4 2 6 9 8 7 3 
5 10 2 7 1 9 8 4 3 6 
8 7 3 2 9 5 10 1 6 4 
6 8 9 3 4 7 2 10 1 5 
9 4 1 10 3 8 6 5 2 7 
1 3 8 6 7 10 5 9 4 2 
4 5 7 9 6 2 1 3 8 10 
-----------------------------------
===========d-10-01==backtracking==Random Unassigned Variable===========
Runtime: 1197154ms, Backtracks: 765290116, Nodes: 765290173
9 7 6 8 5 3 4 2 10 1 
2 6 4 5 7 10 1 8 9 3 
4 2 10 7 8 1 3 6 5 9 
10 1 5 4 2 6 9 7 3 8 
5 10 7 3 1 9 8 4 2 6 
8 4 3 2 9 5 7 1 6 10 
6 8 9 1 3 7 2 10 4 5 
3 9 2 10 4 8 6 5 1 7 
1 3 8 6 10 4 5 9 7 2 
7 5 1 9 6 2 10 3 8 4 
===================================
forward checking:
-----------------------------------
===========d-10-01==forward checking==Minimum Remaining Value===========
Runtime: 8ms, Backtracks: 111, Nodes: 180
9 7 6 8 5 3 4 2 10 1 
2 6 4 3 10 5 1 7 9 8 
8 2 10 7 4 1 3 6 5 9 
10 1 5 4 2 6 9 8 7 3 
3 10 7 5 1 9 8 4 2 6 
5 8 3 2 9 4 7 1 6 10 
6 4 9 1 8 7 2 10 3 5 
4 9 2 10 3 8 6 5 1 7 
1 3 8 6 7 10 5 9 4 2 
7 5 1 9 6 2 10 3 8 4 
-----------------------------------
===========d-10-01==forward checking==Maximum Degree===========
Runtime: 6738ms, Backtracks: 1719577, Nodes: 3167439
9 8 6 7 5 3 4 2 10 1 
2 6 4 5 10 1 7 8 9 3 
7 2 10 1 8 4 3 6 5 9 
10 1 5 4 2 6 9 7 3 8 
5 10 2 3 1 9 8 4 7 6 
8 7 3 2 9 5 10 1 6 4 
6 4 9 8 3 7 2 10 1 5 
3 9 1 10 4 8 6 5 2 7 
1 3 8 6 7 10 5 9 4 2 
4 5 7 9 6 2 1 3 8 10 
-----------------------------------
===========d-10-01==forward checking==Minimum Remaining Value + Maximum Degree===========
Runtime: 5ms, Backtracks: 23, Nodes: 82
9 8 6 5 7 3 4 2 10 1 
2 6 4 10 5 1 7 8 9 3 
7 2 10 8 3 4 1 6 5 9 
10 1 5 4 2 6 9 3 7 8 
5 10 2 7 1 9 8 4 3 6 
8 7 3 2 9 5 10 1 6 4 
6 9 8 3 4 7 2 10 1 5 
3 4 9 1 10 8 6 5 2 7 
1 3 7 6 8 10 5 9 4 2 
4 5 1 9 6 2 3 7 8 10 
-----------------------------------
===========d-10-01==forward checking==Minimum Remaining Value / Maximum Degree===========
Runtime: 5ms, Backtracks: 18, Nodes: 76
7 9 6 8 5 3 4 2 10 1 
2 6 4 5 10 1 3 7 9 8 
3 2 10 1 8 4 7 6 5 9 
10 1 5 4 2 6 9 8 7 3 
5 10 2 7 1 9 8 4 3 6 
8 7 3 2 9 5 10 1 6 4 
6 8 9 3 4 7 2 10 1 5 
9 4 1 10 3 8 6 5 2 7 
1 3 8 6 7 10 5 9 4 2 
4 5 7 9 6 2 1 3 8 10 
-----------------------------------
===========d-10-01==forward checking==Random Unassigned Variable===========
Runtime: 72ms, Backtracks: 9954, Nodes: 17726
5 9 6 7 8 3 4 2 10 1 
2 6 4 10 5 1 7 3 9 8 
7 2 10 8 3 4 1 6 5 9 
10 1 5 4 2 6 9 8 7 3 
3 10 7 5 1 9 8 4 2 6 
8 7 3 2 9 5 10 1 6 4 
6 8 9 1 4 7 2 10 3 5 
9 4 2 3 10 8 6 5 1 7 
1 3 8 6 7 10 5 9 4 2 
4 5 1 9 6 2 3 7 8 10 
===============d-10-06:==============
===================================
backtracking:
-----------------------------------
===========d-10-06==backtracking==Minimum Remaining Value===========
Runtime: 5ms, Backtracks: 0, Nodes: 57
1 7 8 9 5 10 2 6 4 3 
9 8 1 2 4 3 5 10 6 7 
3 10 7 5 9 1 4 8 2 6 
6 3 2 8 7 4 9 1 5 10 
4 2 9 10 8 6 7 3 1 5 
2 4 6 3 1 5 10 7 8 9 
8 5 4 7 6 2 3 9 10 1 
5 1 10 4 3 9 6 2 7 8 
10 6 3 1 2 7 8 5 9 4 
7 9 5 6 10 8 1 4 3 2 
-----------------------------------
===========d-10-06==backtracking==Maximum Degree===========
Runtime: 55776ms, Backtracks: 33573439, Nodes: 33573496
1 7 8 9 5 10 2 6 4 3 
9 5 1 2 8 3 6 4 10 7 
4 3 7 5 9 1 10 8 2 6 
6 10 3 8 7 4 9 1 5 2 
8 2 9 1 10 6 4 3 7 5 
10 4 6 3 2 9 5 7 8 1 
2 8 4 7 6 5 3 10 1 9 
5 1 10 4 3 2 7 9 6 8 
3 6 2 10 1 7 8 5 9 4 
7 9 5 6 4 8 1 2 3 10 
-----------------------------------
===========d-10-06==backtracking==Minimum Remaining Value + Maximum Degree===========
Runtime: 5ms, Backtracks: 0, Nodes: 57
1 7 8 10 5 3 2 6 4 9 
9 3 1 2 8 10 5 4 6 7 
3 10 7 5 9 1 4 8 2 6 
6 8 2 9 7 4 10 1 5 3 
4 2 9 8 10 6 7 3 1 5 
2 4 6 3 1 5 9 7 8 10 
8 5 4 7 6 2 3 9 10 1 
5 1 10 4 3 9 6 2 7 8 
10 6 3 1 2 7 8 5 9 4 
7 9 5 6 4 8 1 10 3 2 
-----------------------------------
===========d-10-06==backtracking==Minimum Remaining Value / Maximum Degree===========
Runtime: 7ms, Backtracks: 0, Nodes: 57
1 7 8 9 5 10 2 6 4 3 
9 8 1 2 10 3 5 4 6 7 
10 3 7 5 9 1 4 8 2 6 
6 10 3 8 7 4 9 1 5 2 
4 2 9 10 8 6 7 3 1 5 
2 4 6 3 1 5 10 7 8 9 
8 5 4 7 6 2 3 9 10 1 
5 1 2 4 3 9 6 10 7 8 
3 6 10 1 2 7 8 5 9 4 
7 9 5 6 4 8 1 2 3 10 
-----------------------------------
===========d-10-06==backtracking==Random Unassigned Variable===========
Runtime: 5842ms, Backtracks: 4279604, Nodes: 4279661
1 7 8 9 5 3 2 6 4 10 
9 3 1 2 8 6 5 4 10 7 
6 10 7 5 9 1 4 8 2 3 
3 8 2 6 7 4 10 1 5 9 
4 2 9 8 1 10 6 3 7 5 
2 4 6 3 10 5 7 9 8 1 
8 5 4 7 6 9 3 10 1 2 
5 1 10 4 3 2 9 7 6 8 
10 6 3 1 2 7 8 5 9 4 
7 9 5 10 4 8 1 2 3 6 
===================================
forward checking:
-----------------------------------
===========d-10-06==forward checking==Minimum Remaining Value===========
Runtime: 5ms, Backtracks: 0, Nodes: 57
1 7 8 9 5 10 2 6 4 3 
9 8 1 2 4 3 5 10 6 7 
3 10 7 5 9 1 4 8 2 6 
6 3 2 8 7 4 9 1 5 10 
4 2 9 10 8 6 7 3 1 5 
2 4 6 3 1 5 10 7 8 9 
8 5 4 7 6 2 3 9 10 1 
5 1 10 4 3 9 6 2 7 8 
10 6 3 1 2 7 8 5 9 4 
7 9 5 6 10 8 1 4 3 2 
-----------------------------------
===========d-10-06==forward checking==Maximum Degree===========
Runtime: 3199ms, Backtracks: 844315, Nodes: 1573011
1 7 8 9 5 10 2 6 4 3 
9 5 1 2 8 3 4 10 6 7 
4 3 7 5 9 1 10 8 2 6 
6 10 3 8 7 4 9 1 5 2 
8 2 9 1 4 6 7 3 10 5 
2 4 6 3 10 9 5 7 8 1 
10 8 4 7 6 5 3 2 1 9 
5 1 10 4 3 2 6 9 7 8 
3 6 2 10 1 7 8 5 9 4 
7 9 5 6 2 8 1 4 3 10 
-----------------------------------
===========d-10-06==forward checking==Minimum Remaining Value + Maximum Degree===========
Runtime: 5ms, Backtracks: 0, Nodes: 57
1 7 8 10 5 3 2 6 4 9 
9 3 1 2 8 10 5 4 6 7 
3 10 7 5 9 1 4 8 2 6 
6 8 2 9 7 4 10 1 5 3 
4 2 9 8 10 6 7 3 1 5 
2 4 6 3 1 5 9 7 8 10 
8 5 4 7 6 2 3 9 10 1 
5 1 10 4 3 9 6 2 7 8 
10 6 3 1 2 7 8 5 9 4 
7 9 5 6 4 8 1 10 3 2 
-----------------------------------
===========d-10-06==forward checking==Minimum Remaining Value / Maximum Degree===========
Runtime: 5ms, Backtracks: 0, Nodes: 57
1 7 8 9 5 10 2 6 4 3 
9 8 1 2 10 3 5 4 6 7 
10 3 7 5 9 1 4 8 2 6 
6 10 3 8 7 4 9 1 5 2 
4 2 9 10 8 6 7 3 1 5 
2 4 6 3 1 5 10 7 8 9 
8 5 4 7 6 2 3 9 10 1 
5 1 2 4 3 9 6 10 7 8 
3 6 10 1 2 7 8 5 9 4 
7 9 5 6 4 8 1 2 3 10 
-----------------------------------
===========d-10-06==forward checking==Random Unassigned Variable===========
Runtime: 2635ms, Backtracks: 715276, Nodes: 1281180
1 7 8 10 5 9 2 6 4 3 
9 5 1 2 8 3 4 10 6 7 
4 3 7 5 9 1 6 8 10 2 
2 8 3 9 7 4 10 1 5 6 
6 2 9 8 4 10 7 3 1 5 
10 4 6 3 1 2 5 7 8 9 
8 10 4 7 6 5 3 9 2 1 
5 1 10 4 3 6 9 2 7 8 
3 6 2 1 10 7 8 5 9 4 
7 9 5 6 2 8 1 4 3 10 
===============d-10-07:==============
===================================
backtracking:
-----------------------------------
===========d-10-07==backtracking==Minimum Remaining Value===========
Runtime: 9ms, Backtracks: 203, Nodes: 260
3 8 7 4 6 10 1 2 5 9 
9 5 3 8 2 4 7 10 1 6 
5 3 1 2 4 7 6 9 10 8 
10 1 4 6 7 2 8 3 9 5 
7 9 2 5 8 3 10 6 4 1 
1 2 6 3 5 9 4 7 8 10 
8 6 10 7 9 1 5 4 2 3 
6 4 9 10 1 8 3 5 7 2 
4 10 8 9 3 5 2 1 6 7 
2 7 5 1 10 6 9 8 3 4 
-----------------------------------
===========d-10-07==backtracking==Maximum Degree===========
Runtime: 1286ms, Backtracks: 725455, Nodes: 725512
1 8 4 3 6 10 7 2 5 9 
9 4 3 8 2 5 1 10 6 7 
2 3 1 5 4 7 6 9 10 8 
10 1 9 6 7 2 8 3 4 5 
7 5 2 4 8 3 10 6 9 1 
5 2 6 1 3 9 4 7 8 10 
8 6 10 7 9 1 5 4 2 3 
6 9 8 10 1 4 3 5 7 2 
4 10 7 9 5 8 2 1 3 6 
3 7 5 2 10 6 9 8 1 4 
-----------------------------------
===========d-10-07==backtracking==Minimum Remaining Value + Maximum Degree===========
Runtime: 5ms, Backtracks: 0, Nodes: 57
1 8 4 3 6 10 7 2 5 9 
9 6 3 8 2 5 1 10 4 7 
2 3 1 5 4 7 6 9 10 8 
10 1 9 6 7 2 8 4 3 5 
7 5 2 4 8 3 10 6 9 1 
5 2 10 1 3 9 4 7 8 6 
8 4 6 7 9 1 5 3 2 10 
6 9 8 10 1 4 3 5 7 2 
4 10 7 9 5 8 2 1 6 3 
3 7 5 2 10 6 9 8 1 4 
-----------------------------------
===========d-10-07==backtracking==Minimum Remaining Value / Maximum Degree===========
Runtime: 4ms, Backtracks: 0, Nodes: 57
1 8 7 3 6 10 2 4 5 9 
9 4 3 8 2 5 7 10 1 6 
2 3 1 5 4 7 6 9 10 8 
10 1 9 6 5 4 8 2 3 7 
7 5 2 10 8 3 9 6 4 1 
5 2 6 1 3 9 4 7 8 10 
8 6 4 7 9 1 10 3 2 5 
6 9 10 4 1 8 3 5 7 2 
4 10 8 9 7 2 5 1 6 3 
3 7 5 2 10 6 1 8 9 4 
-----------------------------------
===========d-10-07==backtracking==Random Unassigned Variable===========
Runtime: 1453407ms, Backtracks: 982426264, Nodes: 982426321
3 8 7 2 6 10 1 4 5 9 
9 6 3 8 2 4 5 10 1 7 
7 3 1 5 4 2 6 9 10 8 
10 1 9 6 3 7 8 2 4 5 
5 4 2 10 8 3 7 6 9 1 
1 2 6 3 5 9 4 7 8 10 
8 5 4 7 9 1 10 3 2 6 
6 9 10 4 1 8 3 5 7 2 
4 10 8 9 7 5 2 1 6 3 
2 7 5 1 10 6 9 8 3 4 
===================================
forward checking:
-----------------------------------
===========d-10-07==forward checking==Minimum Remaining Value===========
Runtime: 9ms, Backtracks: 187, Nodes: 260
3 8 7 4 6 10 1 2 5 9 
9 5 3 8 2 4 7 10 1 6 
5 3 1 2 4 7 6 9 10 8 
10 1 4 6 7 2 8 3 9 5 
7 9 2 5 8 3 10 6 4 1 
1 2 6 3 5 9 4 7 8 10 
8 6 10 7 9 1 5 4 2 3 
6 4 9 10 1 8 3 5 7 2 
4 10 8 9 3 5 2 1 6 7 
2 7 5 1 10 6 9 8 3 4 
-----------------------------------
===========d-10-07==forward checking==Maximum Degree===========
Runtime: 104ms, Backtracks: 15988, Nodes: 28344
1 8 4 3 6 10 7 2 5 9 
9 4 3 8 2 5 1 10 6 7 
2 3 1 5 4 7 6 9 10 8 
10 1 9 6 7 2 8 3 4 5 
7 5 2 4 8 3 10 6 9 1 
5 2 6 1 3 9 4 7 8 10 
8 6 10 7 9 1 5 4 2 3 
6 9 8 10 1 4 3 5 7 2 
4 10 7 9 5 8 2 1 3 6 
3 7 5 2 10 6 9 8 1 4 
-----------------------------------
===========d-10-07==forward checking==Minimum Remaining Value + Maximum Degree===========
Runtime: 5ms, Backtracks: 0, Nodes: 57
1 8 4 3 6 10 7 2 5 9 
9 6 3 8 2 5 1 10 4 7 
2 3 1 5 4 7 6 9 10 8 
10 1 9 6 7 2 8 4 3 5 
7 5 2 4 8 3 10 6 9 1 
5 2 10 1 3 9 4 7 8 6 
8 4 6 7 9 1 5 3 2 10 
6 9 8 10 1 4 3 5 7 2 
4 10 7 9 5 8 2 1 6 3 
3 7 5 2 10 6 9 8 1 4 
-----------------------------------
===========d-10-07==forward checking==Minimum Remaining Value / Maximum Degree===========
Runtime: 5ms, Backtracks: 0, Nodes: 57
1 8 7 3 6 10 2 4 5 9 
9 4 3 8 2 5 7 10 1 6 
2 3 1 5 4 7 6 9 10 8 
10 1 9 6 5 4 8 2 3 7 
7 5 2 10 8 3 9 6 4 1 
5 2 6 1 3 9 4 7 8 10 
8 6 4 7 9 1 10 3 2 5 
6 9 10 4 1 8 3 5 7 2 
4 10 8 9 7 2 5 1 6 3 
3 7 5 2 10 6 1 8 9 4 
-----------------------------------
===========d-10-07==forward checking==Random Unassigned Variable===========
Runtime: 713ms, Backtracks: 189489, Nodes: 325571
3 8 7 4 6 10 1 2 5 9 
9 5 3 8 2 4 7 10 1 6 
5 3 1 2 4 7 6 9 10 8 
10 1 9 6 7 2 8 3 4 5 
7 4 2 5 8 3 10 6 9 1 
1 2 6 3 5 9 4 7 8 10 
8 6 10 7 9 1 5 4 2 3 
6 9 4 10 1 8 3 5 7 2 
4 10 8 9 3 5 2 1 6 7 
2 7 5 1 10 6 9 8 3 4 
===============d-10-08:==============
===================================
backtracking:
-----------------------------------
===========d-10-08==backtracking==Minimum Remaining Value===========
Runtime: 5ms, Backtracks: 22, Nodes: 79
2 9 3 8 7 6 5 4 1 10 
8 5 6 2 10 4 1 3 7 9 
4 1 8 6 9 10 3 7 2 5 
6 7 10 3 5 1 4 8 9 2 
9 6 1 5 8 2 7 10 4 3 
3 2 4 10 1 5 9 6 8 7 
5 3 7 1 2 8 10 9 6 4 
1 4 2 9 3 7 8 5 10 6 
10 8 5 7 4 9 6 2 3 1 
7 10 9 4 6 3 2 1 5 8 
-----------------------------------
===========d-10-08==backtracking==Maximum Degree===========
Runtime: 6253475ms, Backtracks: 3696600662, Nodes: 3696600719
2 9 3 7 8 6 5 4 1 10 
9 6 5 3 10 4 1 8 7 2 
4 1 8 6 7 10 3 2 5 9 
8 7 10 2 5 1 4 3 9 6 
6 5 1 8 9 2 7 10 4 3 
3 2 4 10 1 7 9 6 8 5 
5 3 7 1 2 8 10 9 6 4 
1 4 2 9 6 3 8 5 10 7 
10 8 6 5 4 9 2 7 3 1 
7 10 9 4 3 5 6 1 2 8 
-----------------------------------
===========d-10-08==backtracking==Minimum Remaining Value + Maximum Degree===========
Runtime: 5ms, Backtracks: 0, Nodes: 57
2 9 3 8 7 6 5 4 1 10 
8 5 6 2 10 4 1 3 7 9 
4 1 8 6 9 10 3 5 2 7 
6 7 10 3 5 1 4 8 9 2 
9 6 1 5 8 2 7 10 4 3 
7 2 4 10 1 3 9 6 8 5 
5 3 7 1 2 8 10 9 6 4 
1 4 2 9 3 5 8 7 10 6 
10 8 5 7 4 9 6 2 3 1 
3 10 9 4 6 7 2 1 5 8 
-----------------------------------
===========d-10-08==backtracking==Minimum Remaining Value / Maximum Degree===========
Runtime: 11ms, Backtracks: 314, Nodes: 371
2 9 3 5 7 6 8 4 1 10 
9 2 6 3 10 4 1 8 7 5 
4 1 8 6 3 10 2 7 5 9 
8 7 10 2 5 1 4 3 9 6 
5 6 1 8 9 2 7 10 4 3 
7 5 4 10 1 3 9 6 8 2 
6 3 7 1 8 5 10 9 2 4 
1 4 2 9 6 8 3 5 10 7 
10 8 5 7 4 9 6 2 3 1 
3 10 9 4 2 7 5 1 6 8 
-----------------------------------
===========d-10-08==backtracking==Random Unassigned Variable===========
Runtime: 8302ms, Backtracks: 5943444, Nodes: 5943501
2 9 3 7 8 6 5 4 1 10 
8 6 5 3 10 4 1 2 7 9 
4 1 8 6 9 10 3 5 2 7 
3 7 10 2 5 1 4 8 9 6 
9 5 1 8 6 2 7 10 4 3 
5 3 4 10 1 7 9 6 8 2 
6 2 7 1 3 5 8 9 10 4 
1 4 2 9 7 8 10 3 6 5 
10 8 6 5 4 9 2 7 3 1 
7 10 9 4 2 3 6 1 5 8 
===================================
forward checking:
-----------------------------------
===========d-10-08==forward checking==Minimum Remaining Value===========
Runtime: 5ms, Backtracks: 20, Nodes: 79
2 9 3 8 7 6 5 4 1 10 
8 5 6 2 10 4 1 3 7 9 
4 1 8 6 9 10 3 7 2 5 
6 7 10 3 5 1 4 8 9 2 
9 6 1 5 8 2 7 10 4 3 
3 2 4 10 1 5 9 6 8 7 
5 3 7 1 2 8 10 9 6 4 
1 4 2 9 3 7 8 5 10 6 
10 8 5 7 4 9 6 2 3 1 
7 10 9 4 6 3 2 1 5 8 
-----------------------------------
===========d-10-08==forward checking==Maximum Degree===========
Runtime: 304586ms, Backtracks: 81402789, Nodes: 150393388
2 9 3 7 8 6 5 4 1 10 
9 3 6 5 10 4 1 8 7 2 
4 1 8 6 7 10 2 3 5 9 
8 7 10 3 5 1 4 2 9 6 
6 5 1 8 9 2 7 10 4 3 
3 2 4 10 1 5 9 6 8 7 
5 6 7 1 2 3 8 9 10 4 
1 4 2 9 3 8 10 7 6 5 
10 8 9 2 4 7 6 5 3 1 
7 10 5 4 6 9 3 1 2 8 
-----------------------------------
===========d-10-08==forward checking==Minimum Remaining Value + Maximum Degree===========
Runtime: 8ms, Backtracks: 0, Nodes: 57
2 9 3 8 7 6 5 4 1 10 
8 5 6 2 10 4 1 3 7 9 
4 1 8 6 9 10 3 5 2 7 
6 7 10 3 5 1 4 8 9 2 
9 6 1 5 8 2 7 10 4 3 
7 2 4 10 1 3 9 6 8 5 
5 3 7 1 2 8 10 9 6 4 
1 4 2 9 3 5 8 7 10 6 
10 8 5 7 4 9 6 2 3 1 
3 10 9 4 6 7 2 1 5 8 
-----------------------------------
===========d-10-08==forward checking==Minimum Remaining Value / Maximum Degree===========
Runtime: 12ms, Backtracks: 277, Nodes: 371
2 9 3 5 7 6 8 4 1 10 
9 2 6 3 10 4 1 8 7 5 
4 1 8 6 3 10 2 7 5 9 
8 7 10 2 5 1 4 3 9 6 
5 6 1 8 9 2 7 10 4 3 
7 5 4 10 1 3 9 6 8 2 
6 3 7 1 8 5 10 9 2 4 
1 4 2 9 6 8 3 5 10 7 
10 8 5 7 4 9 6 2 3 1 
3 10 9 4 2 7 5 1 6 8 
-----------------------------------
===========d-10-08==forward checking==Random Unassigned Variable===========
Runtime: 185ms, Backtracks: 39889, Nodes: 69747
2 9 3 10 7 6 8 4 1 5 
8 2 9 3 10 4 1 5 7 6 
4 1 8 6 2 10 3 7 5 9 
6 7 10 8 5 1 4 3 9 2 
9 6 1 5 8 2 7 10 4 3 
7 5 4 2 1 3 9 6 8 10 
5 3 7 1 6 8 2 9 10 4 
1 4 2 9 3 5 10 8 6 7 
10 8 5 7 4 9 6 2 3 1 
3 10 6 4 9 7 5 1 2 8 
===============d-10-09:==============
===================================
backtracking:
-----------------------------------
===========d-10-09==backtracking==Minimum Remaining Value===========
Runtime: 4ms, Backtracks: 9, Nodes: 66
1 7 9 5 3 2 10 6 4 8 
4 3 5 10 7 1 6 8 9 2 
5 8 2 4 6 3 7 10 1 9 
7 2 3 1 10 4 8 9 5 6 
3 6 7 9 1 8 2 4 10 5 
10 5 8 6 2 9 4 1 3 7 
6 4 1 3 8 7 9 5 2 10 
9 10 6 2 4 5 1 7 8 3 
8 9 4 7 5 10 3 2 6 1 
2 1 10 8 9 6 5 3 7 4 
-----------------------------------
===========d-10-09==backtracking==Maximum Degree===========
Runtime: 2967ms, Backtracks: 1814800, Nodes: 1814857
1 4 7 5 3 9 10 6 2 8 
6 3 5 10 7 1 2 8 4 9 
9 8 2 6 4 3 7 10 5 1 
5 2 3 7 10 8 4 1 9 6 
3 6 4 9 1 7 8 2 10 5 
10 5 8 1 2 4 6 9 3 7 
4 7 6 3 8 2 9 5 1 10 
7 10 9 2 6 5 1 3 8 4 
8 9 1 4 5 10 3 7 6 2 
2 1 10 8 9 6 5 4 7 3 
-----------------------------------
===========d-10-09==backtracking==Minimum Remaining Value + Maximum Degree===========
Runtime: 6ms, Backtracks: 18, Nodes: 75
1 7 9 5 3 2 10 6 4 8 
4 3 5 10 7 9 6 8 1 2 
7 8 2 1 6 3 9 10 5 4 
5 2 3 4 10 7 8 1 9 6 
3 6 7 9 1 8 2 4 10 5 
10 5 8 6 2 1 4 9 3 7 
6 9 1 3 8 4 7 5 2 10 
9 10 6 2 4 5 1 7 8 3 
8 1 4 7 5 10 3 2 6 9 
2 4 10 8 9 6 5 3 7 1 
-----------------------------------
===========d-10-09==backtracking==Minimum Remaining Value / Maximum Degree===========
Runtime: 5ms, Backtracks: 0, Nodes: 57
1 9 7 5 3 2 10 6 4 8 
6 3 5 10 7 9 2 8 1 4 
5 8 2 6 4 3 7 10 9 1 
9 2 3 7 10 8 4 1 5 6 
3 7 6 9 1 4 8 2 10 5 
10 5 8 4 2 1 6 9 3 7 
4 6 1 3 8 7 9 5 2 10 
7 10 4 2 6 5 1 3 8 9 
8 4 9 1 5 10 3 7 6 2 
2 1 10 8 9 6 5 4 7 3 
-----------------------------------
===========d-10-09==backtracking==Random Unassigned Variable===========
===================================
forward checking:
-----------------------------------
===========d-10-09==forward checking==Minimum Remaining Value===========
Runtime: 6ms, Backtracks: 8, Nodes: 66
1 7 9 5 3 2 10 6 4 8 
4 3 5 10 7 1 6 8 9 2 
5 8 2 4 6 3 7 10 1 9 
7 2 3 1 10 4 8 9 5 6 
3 6 7 9 1 8 2 4 10 5 
10 5 8 6 2 9 4 1 3 7 
6 4 1 3 8 7 9 5 2 10 
9 10 6 2 4 5 1 7 8 3 
8 9 4 7 5 10 3 2 6 1 
2 1 10 8 9 6 5 3 7 4 
-----------------------------------
===========d-10-09==forward checking==Maximum Degree===========
Runtime: 323ms, Backtracks: 73184, Nodes: 134043
1 4 7 5 3 9 10 6 2 8 
6 3 5 10 7 1 2 8 4 9 
5 8 2 6 4 3 7 10 9 1 
4 2 3 7 10 8 9 1 5 6 
3 6 4 9 1 7 8 2 10 5 
10 5 8 1 2 4 6 9 3 7 
9 7 6 3 8 2 4 5 1 10 
7 10 9 2 6 5 1 3 8 4 
8 9 1 4 5 10 3 7 6 2 
2 1 10 8 9 6 5 4 7 3 
-----------------------------------
===========d-10-09==forward checking==Minimum Remaining Value + Maximum Degree===========
Runtime: 6ms, Backtracks: 16, Nodes: 75
1 7 9 5 3 2 10 6 4 8 
4 3 5 10 7 9 6 8 1 2 
7 8 2 1 6 3 9 10 5 4 
5 2 3 4 10 7 8 1 9 6 
3 6 7 9 1 8 2 4 10 5 
10 5 8 6 2 1 4 9 3 7 
6 9 1 3 8 4 7 5 2 10 
9 10 6 2 4 5 1 7 8 3 
8 1 4 7 5 10 3 2 6 9 
2 4 10 8 9 6 5 3 7 1 
-----------------------------------
===========d-10-09==forward checking==Minimum Remaining Value / Maximum Degree===========
Runtime: 5ms, Backtracks: 0, Nodes: 57
1 9 7 5 3 2 10 6 4 8 
6 3 5 10 7 9 2 8 1 4 
5 8 2 6 4 3 7 10 9 1 
9 2 3 7 10 8 4 1 5 6 
3 7 6 9 1 4 8 2 10 5 
10 5 8 4 2 1 6 9 3 7 
4 6 1 3 8 7 9 5 2 10 
7 10 4 2 6 5 1 3 8 9 
8 4 9 1 5 10 3 7 6 2 
2 1 10 8 9 6 5 4 7 3 
-----------------------------------
===========d-10-09==forward checking==Random Unassigned Variable===========
Runtime: 4021ms, Backtracks: 1167681, Nodes: 2036833
1 7 9 5 3 2 10 6 4 8 
9 3 5 10 7 4 6 8 2 1 
5 8 2 4 6 3 7 10 1 9 
4 2 3 1 10 8 9 7 5 6 
3 6 4 9 1 7 8 2 10 5 
10 5 8 6 2 9 4 1 3 7 
6 4 7 3 8 1 2 5 9 10 
7 10 6 2 4 5 1 9 8 3 
8 9 1 7 5 10 3 4 6 2 
2 1 10 8 9 6 5 3 7 4 
===============d-15-01:==============
===================================
backtracking:
-----------------------------------
===========d-15-01==backtracking==Minimum Remaining Value===========
Runtime: 266ms, Backtracks: 41665, Nodes: 41771
9 6 8 7 2 15 11 3 13 1 4 10 5 12 14 
15 11 13 12 10 5 14 2 9 3 1 7 8 6 4 
4 15 10 13 9 6 1 11 8 12 5 14 2 7 3 
8 3 6 4 13 2 12 5 11 9 10 1 14 15 7 
7 2 11 6 1 14 13 10 4 8 12 9 3 5 15 
5 4 15 2 12 11 7 8 14 13 6 3 9 10 1 
1 9 12 10 8 13 5 4 3 2 15 11 7 14 6 
14 13 5 8 6 10 3 15 2 4 7 12 1 9 11 
12 5 9 3 4 7 6 14 15 10 8 13 11 1 2 
2 10 4 5 14 1 9 7 6 11 3 15 13 8 12 
11 14 3 1 7 12 8 9 5 15 2 6 4 13 10 
3 8 2 15 11 9 10 1 7 6 14 5 12 4 13 
13 12 14 11 5 4 15 6 1 7 9 2 10 3 8 
6 1 7 9 3 8 2 12 10 14 13 4 15 11 5 
10 7 1 14 15 3 4 13 12 5 11 8 6 2 9 
-----------------------------------
===========d-15-01==backtracking==Maximum Degree===========
-----------------------------------
===========d-15-01==backtracking==Minimum Remaining Value + Maximum Degree===========
Runtime: 22ms, Backtracks: 1124, Nodes: 1230
9 6 8 7 2 15 3 14 13 1 4 10 5 12 11 
15 11 13 12 10 5 14 2 1 3 9 7 8 6 4 
4 15 10 13 3 6 1 11 9 12 5 14 2 7 8 
8 3 6 4 13 2 12 5 11 9 10 1 14 15 7 
7 2 11 6 1 14 13 10 4 8 12 9 3 5 15 
5 4 2 15 12 11 7 8 14 13 6 3 9 10 1 
1 9 12 10 8 13 5 4 3 2 15 11 7 14 6 
14 13 5 8 6 10 11 15 2 4 7 12 1 9 3 
12 5 14 9 4 7 6 3 15 10 8 13 11 1 2 
2 10 4 5 14 1 9 7 6 11 3 15 13 8 12 
11 14 3 1 7 12 8 9 5 15 2 6 4 13 10 
3 8 15 2 11 9 10 1 7 6 14 5 12 4 13 
13 12 9 11 5 4 15 6 8 7 1 2 10 3 14 
6 1 7 3 9 8 2 12 10 14 13 4 15 11 5 
10 7 1 14 15 3 4 13 12 5 11 8 6 2 9 
-----------------------------------
===========d-15-01==backtracking==Minimum Remaining Value / Maximum Degree===========
Runtime: 1459ms, Backtracks: 268484, Nodes: 268590
9 6 8 7 2 15 3 14 13 1 4 10 5 12 11 
15 11 13 12 10 5 14 2 1 3 9 7 8 6 4 
4 15 10 13 3 6 1 11 9 12 5 14 2 7 8 
3 8 6 4 13 2 12 5 11 9 10 1 14 15 7 
7 2 11 6 1 14 13 10 4 8 12 9 3 5 15 
5 4 15 2 12 11 7 8 14 13 6 3 9 10 1 
1 9 12 10 8 13 5 4 3 2 15 11 7 14 6 
14 13 5 8 6 10 11 15 2 4 7 12 1 9 3 
12 5 14 9 4 7 6 3 15 10 8 13 11 1 2 
2 10 4 5 14 1 9 7 6 11 3 15 13 8 12 
11 14 3 1 7 12 8 9 5 15 2 6 4 13 10 
8 3 2 15 11 9 10 1 7 6 14 5 12 4 13 
13 12 9 11 5 4 15 6 8 7 1 2 10 3 14 
6 1 7 3 9 8 2 12 10 14 13 4 15 11 5 
10 7 1 14 15 3 4 13 12 5 11 8 6 2 9 
-----------------------------------
===========d-15-01==backtracking==Random Unassigned Variable===========
===================================
forward checking:
-----------------------------------
===========d-15-01==forward checking==Minimum Remaining Value===========
Runtime: 275ms, Backtracks: 37806, Nodes: 41771
9 6 8 7 2 15 11 3 13 1 4 10 5 12 14 
15 11 13 12 10 5 14 2 9 3 1 7 8 6 4 
4 15 10 13 9 6 1 11 8 12 5 14 2 7 3 
8 3 6 4 13 2 12 5 11 9 10 1 14 15 7 
7 2 11 6 1 14 13 10 4 8 12 9 3 5 15 
5 4 15 2 12 11 7 8 14 13 6 3 9 10 1 
1 9 12 10 8 13 5 4 3 2 15 11 7 14 6 
14 13 5 8 6 10 3 15 2 4 7 12 1 9 11 
12 5 9 3 4 7 6 14 15 10 8 13 11 1 2 
2 10 4 5 14 1 9 7 6 11 3 15 13 8 12 
11 14 3 1 7 12 8 9 5 15 2 6 4 13 10 
3 8 2 15 11 9 10 1 7 6 14 5 12 4 13 
13 12 14 11 5 4 15 6 1 7 9 2 10 3 8 
6 1 7 9 3 8 2 12 10 14 13 4 15 11 5 
10 7 1 14 15 3 4 13 12 5 11 8 6 2 9 
-----------------------------------
===========d-15-01==forward checking==Maximum Degree===========
-----------------------------------
===========d-15-01==forward checking==Minimum Remaining Value + Maximum Degree===========
Runtime: 25ms, Backtracks: 992, Nodes: 1230
9 6 8 7 2 15 3 14 13 1 4 10 5 12 11 
15 11 13 12 10 5 14 2 1 3 9 7 8 6 4 
4 15 10 13 3 6 1 11 9 12 5 14 2 7 8 
8 3 6 4 13 2 12 5 11 9 10 1 14 15 7 
7 2 11 6 1 14 13 10 4 8 12 9 3 5 15 
5 4 2 15 12 11 7 8 14 13 6 3 9 10 1 
1 9 12 10 8 13 5 4 3 2 15 11 7 14 6 
14 13 5 8 6 10 11 15 2 4 7 12 1 9 3 
12 5 14 9 4 7 6 3 15 10 8 13 11 1 2 
2 10 4 5 14 1 9 7 6 11 3 15 13 8 12 
11 14 3 1 7 12 8 9 5 15 2 6 4 13 10 
3 8 15 2 11 9 10 1 7 6 14 5 12 4 13 
13 12 9 11 5 4 15 6 8 7 1 2 10 3 14 
6 1 7 3 9 8 2 12 10 14 13 4 15 11 5 
10 7 1 14 15 3 4 13 12 5 11 8 6 2 9 
-----------------------------------
===========d-15-01==forward checking==Minimum Remaining Value / Maximum Degree===========
Runtime: 1424ms, Backtracks: 241033, Nodes: 268590
9 6 8 7 2 15 3 14 13 1 4 10 5 12 11 
15 11 13 12 10 5 14 2 1 3 9 7 8 6 4 
4 15 10 13 3 6 1 11 9 12 5 14 2 7 8 
3 8 6 4 13 2 12 5 11 9 10 1 14 15 7 
7 2 11 6 1 14 13 10 4 8 12 9 3 5 15 
5 4 15 2 12 11 7 8 14 13 6 3 9 10 1 
1 9 12 10 8 13 5 4 3 2 15 11 7 14 6 
14 13 5 8 6 10 11 15 2 4 7 12 1 9 3 
12 5 14 9 4 7 6 3 15 10 8 13 11 1 2 
2 10 4 5 14 1 9 7 6 11 3 15 13 8 12 
11 14 3 1 7 12 8 9 5 15 2 6 4 13 10 
8 3 2 15 11 9 10 1 7 6 14 5 12 4 13 
13 12 9 11 5 4 15 6 8 7 1 2 10 3 14 
6 1 7 3 9 8 2 12 10 14 13 4 15 11 5 
10 7 1 14 15 3 4 13 12 5 11 8 6 2 9 
-----------------------------------
===========d-15-01==forward checking==Random Unassigned Variable===========
